0 42 15 28 38 10 31 19 20
42 0 27 31 25 36 14 27 30
15 27 0 36 33 10 18 34 22
28 31 36 0 19 41 10 35 12
38 25 33 19 0 29 17 26 21
10 36 10 41 29 0 33 25 12
31 14 18 10 17 33 0 40 19
19 27 34 35 26 25 40 0 32
20 30 22 12 21 12 19 32 0
 